76
77
79
85
90
91
217
228
231
1537
1540
1542
1550
1554
1561
1564
1565
1567
1569
1572
1574
1577
1580
1586
1588
1589
1590
1594
1595
1597
1602
1604
1609
1610
1611
1614
1615
1617
1618
1621
1625
1628
1629
1630
1631
1647
1728
1729
1730
1731
1736
1737
1738
1740
1741
1742
1743
1748
1749
1750
1752
1753
1754
1755
1756
1760
1765
1766
1768
1772
1773
1775
1776
1777
1778
1779
1780
1781
1782
1783
1784
1786
1788
1789
1790
1792
1793
1794
1796
1798
1802
1804
1805
1806
1807
1808
1811
1814
1816
1817
1818
1819
1820
1821
1822
1823
1880
1881
1882
1883
1892
1893
1894
1895
2452
2455
2464
2465
2786
2835
